16227
16228
16248
16249
16256
16226
16236
16229
16230
16231
17111
14531
14532
16584
17041
14680
14695
16290
15426
15639
16897
16869
15010
16514
15011
16515
17244
16265
15013
15643
16253
15102
15101
16605
16643
15014
15016
16252
16884
16889
16888
17180
15916
15915
15918
15919
16904
17188
16392
17186
16310
16311
16393
16312
16789
16355
16313
17154
16314
16880
17018
16208
16190
16191
17024
16192
16593
16730
16195
16196
16198
16199
16189
16201
16202
16800
16204
16205
16801
17212
17211
16217
16206
16878
16879
14537
16207
16661
15787
15792
16567
15794
16594
15798
15799
15800
15801
16660
15802
15805
16595
17168
16369
15806
15807
15808
15809
17216
15811
15812
16651
16649
14540
16179
16891
16182
16739
17136
16367
16363
17103
16736
16744
16784
16737
16364
16729
16872
16180
16184
16365
16645
16906
16738
15104
15105
15106
14687
14682
16841
14700
14775
14799
14771
14734
14735
14840
14701
14688
14689
14702
14837
14746
16727
14739
14740
14741
14742
14703
14704
14705
14706
14707
14708
14709
14710
14711
14743
14690
14683
14684
14685
14686
14712
14776
15593
15200
16705
14713
14772
14777
14780
14778
14779
14782
14783
17015
14719
14731
14838
14721
14722
14747
14749
14745
14793
14691
15124
14727
14715
14789
14729
14790
14791
14804
14792
14770
16362
14784
14720
14723
14724
14730
14750
14751
14753
14763
14692
14732
14543
16315
16938
16939
16305
14814
15707
14821
14822
16370
16371
16372
16373
16374
16375
16376
16377
16378
16379
16380
14828
14823
14824
16383
16384
16385
16386
16387
16388
16389
16390
16391
14829
14830
14831
14832
14833
14834
14835
14909
14910
14911
14912
14545
17004
15929
16583
15925
16105
15934
16026
15941
16175
15945
16810
14548
15935
15923
15943
16106
16258
15947
15948
14572
15924
15930
15942
15939
15931
15944
16907
14589
15932
15951
15933
15928
15936
14616
15719
16072
16073
16074
16075
16076
16077
16078
16079
16086
17275
15725
15759
15723
17086
15756
15724
15757
15720
15760
16912
15726
15764
15754
15755
15765
15717
15758
16483
15762
15766
15767
15761
15711
15713
15749
17031
16836
15718
15712
15714
16016
15727
15768
15769
15770
14550
16821
16822
16825
16823
16824
16669
16606
16709
16609
16710
16840
17179
16750
15191
16937
15879
15064
17173
16339
16340
16537
17003
15065
15066
16746
15880
15881
16538
17169
15074
16341
15882
15068
15883
16765
15884
16747
16539
15886
16338
15976
16547
16548
15977
15978
16608
15979
15980
15981
16549
15982
15983
15984
16533
16559
16292
16293
16294
16295
16296
16297
16542
16299
16300
16694
14554
16886
16544
16302
17217
16701
16877
16876
16858
14932
14953
14973
14976
16626
14969
14977
14978
14950
14964
14970
14954
14971
14995
14991
14994
16283
14992
14986
15306
16318
14942
14955
14974
14966
14965
14972
14963
14979
14982
14985
14951
14952
14968
14975
15055
16631
15126
15147
15148
15149
15150
15151
15152
15183
15153
15154
15155
16601
17032
16348
15857
15164
16585
16706
15858
17033
15869
15860
15176
15157
15158
15159
15160
15161
15162
15163
15177
15178
15179
15186
15171
15172
15862
15863
15864
15187
15169
15173
15174
15175
16586
16712
15865
16646
15180
15185
15184
16572
16573
16574
16575
14625
14632
14629
14649
14643
16807
14647
14641
14653
14655
14639
14650
14657
14644
14637
14635
16940
14752
14626
14642
14654
14656
14652
14651
14631
14659
14630
14636
14628
14645
14634
14646
15956
15957
15958
15959
15960
16558
16796
16797
16798
16799
15963
15964
16112
16109
15965
16557
16638
16752
16634
17197
16742
16826
16827
16828
16829
16830
16745
16953
17219
14570
16890
14845
14846
15197
14847
14848
14849
15199
17059
14850
16751
14560
15458
15466
15464
15465
15463
15461
15460
15600
15601
15468
15469
15470
15471
17075
15472
16761
15474
15475
15275
15276
15277
15278
15279
15280
15281
15282
15283
15284
15285
15286
15287
15292
15294
15295
15296
15403
15530
15595
15596
15597
15396
15395
15399
15598
15398
15397
15400
15402
17039
17023
15476
15477
15624
15626
15495
17076
15496
15511
15497
15499
15501
15502
15628
15503
15504
15505
15506
15300
15421
15454
15455
15456
15599
15303
14563
16316
16580
16571
16576
16577
16578
16412
16413
16945
16425
16426
16429
16432
16491
16494
16552
16553
16844
16499
16441
16442
16443
16445
16562
16448
16449
16451
16452
16487
16455
16456
16457
16460
16461
16708
17020
16489
16464
17025
16465
16466
16468
16835
16500
16588
16472
16518
16923
16474
16501
16936
17135
16496
16512
17019
16644
17266
14565
15565
15566
15567
15568
16958
15571
15572
15573
15574
15575
15576
15577
15578
15579
15580
15581
15582
15583
16172
16163
16635
16171
16169
16167
16162
16166
16165
16164
14568
15835
15836
15837
15838
15839
15840
15813
16241
15971
15968
15969
16278
14574
15818
15973
14575
16613
16570
16275
17110
14921
14855
17174
16271
17166
14854
15646
14920
14578
14580
16703
15485
15486
15487
15488
15489
15490
15491
15492
15493
15514
15515
17129
15516
15517
15518
15519
15521
15522
15523
15524
17082
16260
16665
15560
16647
15709
16668
15913
15734
15733
17084
14581
15061
15405
14893
15407
15408
14896
14917
15409
16658
14900
15411
14902
15412
15413
14934
15414
15416
15417
16359
16350
14944
16561
15418
14904
14905
16713
14928
14929
14931
14945
14906
14935
14947
15419
15420
15422
15423
15424
16351
17157
16352
17159
14907
16550
14936
14937
14930
16783
14938
15670
15671
15672
15674
15675
15676
15677
15678
15911
16254
16513
15681
16592
16604
16717
16947
16769
16700
17046
16813
15307
15308
15309
15311
15312
15314
15315
15591
15261
15260
17199
15590
15234
15594
14587
15077
16346
14670
14671
14672
14673
16345
15078
14677
16885
15654
15652
14681
14693
14694
16640
14696
14697
14698
14699
16637
14861
14862
14863
14805
14806
14807
14808
14809
14810
14800
14801
14803
14864
14865
14866
14857
17146
14859
14860
14811
17140
15662
15663
15664
15665
15666
15667
15668
15669
15843
15844
15549
15550
15845
15846
15847
17034
15551
16597
15556
15553
15558
16959
15559
15557
15552
15547
16857
17035
17036
15548
15554
17208
17001
15316
15318
15319
15320
15321
15322
15333
15334
15335
15336
15337
15348
15349
15350
15351
15352
15353
15358
15359
15363
15364
15365
15371
15372
15373
15375
15376
15377
15378
15379
15380
15381
15382
15383
15384
15385
15386
15389
15388
15391
15392
15393
15394
14592
16317
14874
14875
14876
14883
14884
14885
14886
17050
16319
15479
15480
16331
14888
14889
16325
16910
16334
16322
16320
17153
17151
17144
17145
16961
17152
16963
16962
17147
17261
17155
16964
17150
16240
17049
16671
16238
16368
15905
16017
16854
17167
16015
16010
16081
15904
16019
16020
16021
16022
16027
16028
16029
16034
16035
16036
16037
16038
16047
16957
16049
16050
16051
16014
15908
16011
16013
16009
16082
16007
16012
17189
16052
16006
16274
16696
14595
15814
15897
15898
15899
15815
16590
15852
16080
16591
14597
16304
16896
16770
16733
15167
15532
16347
15090
15085
15527
15592
15083
15103
15081
15089
15080
17040
16943
15094
15084
15473
15092
15091
15082
15079
15087
15204
17085
16636
15093
15095
15099
16261
16675
16794
16210
16530
16212
16526
16527
16528
15896
16220
16683
15889
16771
15188
16679
16855
16686
16685
16682
16689
16681
15890
15891
15893
15894
15895
16676
16677
16965
16860
16941
16772
16773
17016
17017
16774
16999
16776
16915
16778
16777
16780
17021
17176
17177
17178
15202
15203
15205
15206
15207
15208
15209
15210
15211
15212
15213
15214
15215
15217
15221
15222
15223
15224
15225
15226
15227
15228
15229
15230
15231
15232
15233
15235
15236
15237
15238
15239
15240
15241
15242
15243
15244
15246
15247
15248
15249
15250
15251
15252
15253
15254
15255
15256
16914
15258
17130
15259
14605
16004
17056
15118
15706
15705
17109
16628
17052
16862
15692
15114
15193
15192
15695
16614
15691
15123
17201
17195
15688
15700
15535
15546
15537
15538
15539
16267
15542
15540
16353
16775
16909
16354
17054
16948
15561
15563
15544
14607
15017
15018
15039
15512
15510
15019
15021
16564
15022
15024
15025
15026
15027
15028
16642
15030
15031
15041
16565
16629
16259
16905
15046
15047
16245
15049
16718
16257
15777
15053
15990
15873
15874
15992
16349
15994
15996
16326
16327
17125
16702
17122
16000
15823
16329
16333
15824
16001
15877
16264
16328
15827
17238
15828
16003
15194
15196
16262
16263
15987
16176
15988
16177
15997
15986
16808
16815
15995
15991
16816
16845
15993
14614
16581
15989
14618
16358
15429
16819
15520
17091
17222
15431
14956
15434
15435
16894
15437
15438
17175
15439
15526
15441
16755
15440
15445
15446
15447
16950
15451
15589
15453
16757
17191
14621
17218
16123
16124
16138
16140
16141
16129
16130
16131
16132
16133
16151
16152
16308
16309
16127
16134
16114
16541
16113
16484
16122
16126
16136
16153
16154
16147
16149
16115
16146
16118
16116
16117
16157
17002
16128
16307
16119
16156
11008
11009
11010
11011
11012
11013
11014
11015
11016
11017
11018
11019
14623
16160
15849
16622
16602
16616
15848
16763
16039
16040
16041
16042
16043
16045
16046
16087
16900
16088
16089
16091
16092
16093
16094
16095
16194
16097
16820
16101
16100
16598
16599
17160
